Odbiorca = 609472834, 600018471, 691227754, 600615303, 608312256, 666510111, 782944326, 662846620, 504602342, 511660761, 721377537, 505797728, 608790306, 794560708, 504766497, 730946826, 888933191, 886116646, 666686111, 660266662, 600795075, 531829670, 602181405, 602181405, 525290708, 669426759, 728351616, 669680145, 606251441, 736251663, 605607345, 733705108, 511485590, 691259937, 513427457, 781147897, 572616162, 881211612
Tresc = Informujemy, ze jutro w mieszkaniach od 1 do 40 w godz.8.00-10.00 nastapi czasowe wylaczenia pradu.
Data:2024-01-31
Wyslal = golataa
Godzina: 12:54:18
-----------
Odbiorca = 695911420, 500167989, 728348543, 570869292, 731101194, 606897099, 728337136, 606371222, 505068319, 507923389, 500239039, 662918538, 697482376, 607604111, 353876000000.0, 663253449, 695674828, 601681948, 531268696
Tresc = W dniu jutrzejszym, tj. 02.02.2024 nastapi przerwa w dostawie pradu dla mieszkan od 30 do 39 w godzinach 10-13
Data:2024-02-01
Wyslal = golataa
Godzina: 14:49:14
-----------
Odbiorca = 781500876, 609049212, 669351186, 664674643, 660885505, 883718363, 795323683, 605431062, 512527775, 666996603, 509016001, 530430224, 601400731, 692497739, 606672018, 692054970, 532363439, 889882235, 792048254, 503047765, 504754260, 530227281, 504997800, 669777738, 696498075, 515084340, 663048803, 606387008, 507344772, 728974797, 602336419, 737959767, 608110102, 505408983, 721162738, 574438298, 692408141, 509585969, 885555223, 600704380, 505014044, 888576923, 503008431, 608769845, 601612730, 601718196, 506264078, 503951562, 536300925, 502231550, 668845056, 601627057, 883599350, 883599350, 722311950, 729967805, 505628090, 504704612, 507008783, 883005303, 506990111, 784088329, 513186456, 695642384, 791151073, 696028939, 504426024, 883096500, 503161449, 666890883, 664933188, 662069489, 605675962, 698555971, 669265308, 662849099, 726118068, 512642150, 502352760, 661731760, 665833922, 695197255, 509116632, 502428340, 728791753, 790397053, 723306798, 504754260, 506990111, 794498995, 660676545, 796234463, 603858119, 662285035, 516096553, 697484892, 784502157, 698340797, 723683044, 691557865, 798408805, 607728115, 694039014, 502345092, 606616460, 606202432, 503713146, 503603401, 691494585, 694039014, 731141085, 727713483, 534246590, 791805475, 888037235
Tresc = Informujemy , ze z powodu awarii sterowania, dzwig w budynku Ku Wiatrakom 7 kl. III , bedzie nieczynny do piatku tj.02.02.2024r.
Data:2024-02-01
Wyslal = golataa
Godzina: 18:19:37
-----------
Odbiorca = 781500876, 609049212, 669351186, 664674643, 660885505, 883718363, 795323683, 605431062, 512527775, 666996603, 509016001, 530430224, 601400731, 692497739, 606672018, 692054970, 532363439, 889882235, 792048254, 503047765, 504754260, 530227281, 504997800, 669777738, 696498075, 515084340, 663048803, 606387008, 507344772, 728974797, 602336419, 737959767, 608110102, 505408983, 721162738, 574438298, 692408141, 509585969, 885555223, 600704380, 505014044, 888576923, 503008431, 608769845, 601612730, 601718196, 506264078, 503951562, 536300925, 502231550, 668845056, 601627057, 883599350, 883599350, 722311950, 729967805, 505628090, 504704612, 507008783, 883005303, 506990111, 784088329, 513186456, 695642384, 791151073, 696028939, 504426024, 883096500, 503161449, 666890883, 664933188, 662069489, 605675962, 698555971, 669265308, 662849099, 726118068, 512642150, 502352760, 661731760, 665833922, 695197255, 509116632, 502428340, 728791753, 790397053, 723306798, 504754260, 506990111, 794498995, 660676545, 796234463, 603858119, 662285035, 516096553, 697484892, 784502157, 698340797, 723683044, 691557865, 798408805, 607728115, 694039014, 502345092, 606616460, 606202432, 503713146, 503603401, 691494585, 694039014, 731141085, 727713483, 534246590, 791805475, 888037235
Tresc = Informujemy , ze z powodu awarii sterowania, dzwig w budynku Ku Wiatrakom 7 kl. III , bedzie nieczynny do odwolania
Data:2024-02-02
Wyslal = golataa
Godzina: 12:26:16
-----------
